# Blender 4.3.2
# www.blender.org
o Body_Fly
v -0.250000 -0.454945 -0.007507
v -0.250000 -0.032352 -0.120741
v -0.250000 -0.390240 0.233974
v -0.250000 0.032352 0.120741
v 0.250000 -0.454945 -0.007507
v 0.250000 -0.032352 -0.120741
v 0.250000 -0.390240 0.233974
v 0.250000 0.032352 0.120741
v -0.290461 -0.292398 0.038026
v -0.252746 -0.072809 -0.075367
v -0.284969 -0.207151 0.204937
v -0.247254 0.012438 0.091543
v -0.475734 -0.264727 0.029990
v -0.438019 -0.045137 -0.083403
v -0.470241 -0.179480 0.196901
v -0.432526 0.040110 0.083507
v -0.315883 -0.532215 0.048587
v -0.289958 -0.253422 0.022062
v -0.310059 -0.515001 0.235204
v -0.284134 -0.236208 0.208679
v -0.502494 -0.514464 0.052773
v -0.476568 -0.235670 0.026248
v -0.496670 -0.497250 0.239390
v -0.470745 -0.218457 0.212865
v 0.276284 -0.196734 -0.198938
v 0.294401 -0.289570 -0.037045
v 0.240942 0.016233 -0.072859
v 0.461015 -0.164710 -0.201247
v 0.479132 -0.257547 -0.039353
v 0.425672 0.048257 -0.075167
v 0.443789 -0.044580 0.086726
v 0.259058 -0.076603 0.089035
v 0.285833 -0.267280 -0.413471
v 0.316192 -0.437120 -0.340062
v 0.270163 -0.158232 -0.154696
v 0.470563 -0.235256 -0.415780
v 0.500923 -0.405096 -0.342371
v 0.454893 -0.126208 -0.157004
v 0.485253 -0.296048 -0.083596
v 0.300523 -0.328072 -0.081287
v -0.041387 -0.640359 0.151895
v -0.022550 -0.491694 0.039200
v -0.029115 -0.528324 0.301741
v -0.010278 -0.379659 0.189046
v -0.258559 -0.614191 0.150116
v -0.239722 -0.465526 0.037421
v -0.246287 -0.502156 0.299962
v -0.227450 -0.353491 0.187267
v -0.041387 -0.640359 0.151895
v -0.023721 -0.486560 0.257677
v -0.258559 -0.614191 0.150116
v -0.240893 -0.460391 0.255897
v -0.042262 -0.626393 0.464081
v -0.059928 -0.780192 0.358300
v -0.035309 -0.573955 0.386680
v -0.259434 -0.600224 0.462302
v -0.252481 -0.547787 0.384900
v -0.277100 -0.754024 0.356520
v -0.270147 -0.701586 0.279119
v -0.052975 -0.727755 0.280898
v -0.276036 -0.752853 0.243858
v -0.282988 -0.805291 0.321260
v -0.065816 -0.831459 0.323039
v -0.058864 -0.779022 0.245637
v 0.046343 -0.642623 0.149394
v 0.031082 -0.532469 0.300356
v 0.024374 -0.493267 0.038190
v 0.262855 -0.611429 0.148519
v 0.247594 -0.501274 0.299480
v 0.240887 -0.462072 0.037315
v 0.225626 -0.351918 0.188277
v 0.009113 -0.383113 0.189152
v 0.046343 -0.642623 0.149394
v 0.024842 -0.490383 0.256711
v 0.262855 -0.611429 0.148519
v 0.059603 -0.731068 0.277518
v 0.067560 -0.784134 0.354393
v 0.276116 -0.699873 0.276643
v 0.038103 -0.578827 0.384835
v 0.066770 -0.781814 0.241746
v 0.074727 -0.834881 0.318621
v 0.283283 -0.750620 0.240871
v 0.291239 -0.803686 0.317746
v 0.284072 -0.752939 0.353518
v 0.262572 -0.600699 0.460835
v 0.046059 -0.631894 0.461710
v 0.254615 -0.547633 0.383960
v 0.241354 -0.459188 0.255836
vn -0.0000 0.9659 -0.2588
vn -1.0000 -0.0000 -0.0000
vn -0.0000 -0.2588 -0.9659
vn -0.0000 -0.9659 0.2588
vn 1.0000 -0.0000 -0.0000
vn -0.0000 0.2588 0.9659
vn 0.9881 -0.1476 0.0429
vn 0.0293 0.4547 0.8902
vn -0.9881 0.1476 -0.0429
vn -0.0293 -0.4547 -0.8902
vn -0.1509 -0.8784 0.4536
vn 0.1509 0.8784 -0.4536
vn 0.9953 -0.0947 -0.0223
vn 0.0311 0.0918 0.9953
vn -0.9953 0.0947 0.0223
vn -0.0311 -0.0918 -0.9953
vn -0.0922 -0.9913 0.0943
vn 0.0922 0.9913 -0.0943
vn 0.1414 -0.8519 -0.5043
vn -0.9852 -0.1708 0.0123
vn -0.0966 0.4951 -0.8634
vn 0.9852 0.1708 -0.0123
vn -0.1414 0.8519 0.5043
vn 0.0966 -0.4951 0.8634
vn 0.0557 -0.3877 -0.9201
vn -0.1619 0.9058 -0.3915
vn -0.0557 0.3877 0.9201
vn 0.1619 -0.9058 0.3915
vn 0.9928 -0.1196 0.0081
vn 0.0655 0.5975 0.7992
vn -0.9928 0.1196 -0.0081
vn -0.0655 -0.5975 -0.7992
vn -0.1005 -0.7929 0.6010
vn 0.1005 0.7929 -0.6010
vn 0.0942 0.8203 0.5642
vn 0.0742 0.5593 -0.8256
vn -0.0742 -0.5593 0.8256
vn -0.0942 -0.8203 -0.5642
vn 0.1172 -0.7966 0.5931
vn -0.9898 -0.1426 0.0040
vn 0.0814 -0.5875 -0.8051
vn 0.9898 0.1426 -0.0040
vn -0.1172 0.7966 -0.5931
vn -0.0814 0.5875 0.8051
vn -0.0849 0.5660 -0.8200
vn 0.1147 -0.8119 -0.5724
vn 0.0849 -0.5660 0.8200
vn -0.1147 0.8119 0.5724
vt 0.500000 0.687500
vt 0.500000 0.562500
vt 0.750000 0.562500
vt 0.750000 0.687500
vt 0.625000 0.281250
vt 0.625000 0.500000
vt 0.500000 0.500000
vt 0.500000 0.281250
vt 0.250000 0.281250
vt 0.250000 0.500000
vt 0.625000 0.296875
vt 0.500000 0.296875
vt 0.000000 0.281250
vt 0.250000 0.281250
vt 0.250000 0.500000
vt 0.000000 0.500000
vt 1.000000 0.140625
vt 1.000000 0.265625
vt 0.906250 0.265625
vt 0.906250 0.140625
vt 0.812500 0.265625
vt 0.812500 0.140625
vt 0.718750 0.265625
vt 0.718750 0.140625
vt 0.625000 0.265625
vt 0.625000 0.140625
vt 0.625000 0.140625
vt 0.718750 0.140625
vt 0.718750 0.125000
vt 0.625000 0.125000
vt 0.718750 0.359375
vt 0.625000 0.359375
vt 1.000000 0.000000
vt 0.906250 0.000000
vt 0.812500 0.000000
vt 0.718750 0.000000
vt 0.625000 0.000000
vt 0.531250 0.000000
vt 0.625000 0.093750
vt 0.531250 0.093750
vt 0.859375 0.906250
vt 0.859375 1.000000
vt 0.953125 1.000000
vt 0.953125 0.906250
vt 0.968750 0.687500
vt 0.968750 0.781250
vt 0.859375 0.781250
vt 0.859375 0.687500
vt 0.750000 1.000000
vt 0.750000 0.906250
vt 0.859375 0.921875
vt 0.750000 0.921875
vt 0.750000 0.984375
vt 0.859375 0.984375
vt 0.859375 0.828125
vt 0.953125 0.828125
vt 0.859375 0.750000
vt 0.859375 0.671875
vt 0.750000 0.671875
vt 0.750000 0.750000
vt 0.750000 0.890625
vt 0.859375 0.890625
vt 0.750000 0.781250
vt 0.859375 0.796875
vt 0.750000 0.796875
vt 0.875000 0.781250
vt 0.875000 0.828125
vt 0.953125 0.781250
vt 0.750000 0.828125
vt 0.750000 0.812500
vt 0.859375 0.812500
vt 0.937500 0.828125
vt 0.937500 0.781250
s 0
f 8/1/1 6/2/1 2/3/1 4/4/1
f 3/5/2 4/6/2 2/7/2 1/8/2
f 5/9/3 1/8/3 2/7/3 6/10/3
f 1/11/4 5/12/4 7/8/4 3/5/4
f 7/8/5 5/5/5 6/6/5 8/7/5
f 3/13/6 7/14/6 8/15/6 4/16/6
f 9/17/7 10/18/7 12/19/7 11/20/7
f 11/20/8 12/19/8 16/21/8 15/22/8
f 15/22/9 16/21/9 14/23/9 13/24/9
f 13/24/10 14/23/10 10/25/10 9/26/10
f 11/27/11 15/28/11 13/29/11 9/30/11
f 16/31/12 12/32/12 10/25/12 14/23/12
f 17/33/13 18/17/13 20/20/13 19/34/13
f 19/34/14 20/20/14 24/22/14 23/35/14
f 23/35/15 24/22/15 22/24/15 21/36/15
f 21/36/16 22/24/16 18/26/16 17/37/16
f 19/38/17 23/37/17 21/39/17 17/40/17
f 24/28/18 20/27/18 18/30/18 22/29/18
f 26/28/19 25/29/19 28/30/19 29/27/19
f 25/17/20 26/20/20 32/19/20 27/18/20
f 28/24/21 25/26/21 27/25/21 30/23/21
f 29/22/22 28/24/22 30/23/22 31/21/22
f 31/31/23 30/23/23 27/25/23 32/32/23
f 26/20/24 29/22/24 31/21/24 32/19/24
f 34/38/25 33/40/25 36/39/25 37/37/25
f 33/33/20 34/34/20 40/20/20 35/17/20
f 36/36/26 33/37/26 35/26/26 38/24/26
f 37/35/22 36/36/22 38/24/22 39/22/22
f 39/27/27 38/30/27 35/29/27 40/28/27
f 34/34/28 37/35/28 39/22/28 40/20/28
f 41/41/29 42/42/29 44/43/29 43/44/29
f 43/45/30 44/46/30 48/47/30 47/48/30
f 47/44/31 48/43/31 46/42/31 45/41/31
f 45/41/32 46/42/32 42/49/32 41/50/32
f 43/50/33 47/41/33 45/51/33 41/52/33
f 48/42/34 44/49/34 42/53/34 46/54/34
f 60/55/29 49/41/29 50/44/29 55/56/29
f 55/57/35 50/58/35 52/59/35 57/60/35
f 57/56/31 52/44/31 51/41/31 59/55/31
f 52/41/36 50/50/36 49/61/36 51/62/36
f 53/63/37 56/47/37 58/64/37 54/65/37
f 58/66/31 59/67/31 61/55/31 62/47/31
f 56/68/31 57/56/31 59/55/31 58/47/31
f 53/64/35 55/57/35 57/60/35 56/65/35
f 54/47/29 60/55/29 55/56/29 53/68/29
f 62/47/38 61/55/38 64/69/38 63/63/38
f 59/55/36 60/69/36 64/70/36 61/71/36
f 60/72/29 54/73/29 63/68/29 64/56/29
f 54/65/37 58/64/37 62/47/37 63/63/37
f 59/55/38 51/41/38 49/50/38 60/69/38
f 66/41/39 65/51/39 68/52/39 69/50/39
f 65/41/40 66/44/40 72/43/40 67/42/40
f 68/41/41 65/50/41 67/49/41 70/42/41
f 69/44/42 68/41/42 70/42/42 71/43/42
f 71/49/43 70/53/43 67/54/43 72/42/43
f 66/45/44 69/48/44 71/47/44 72/46/44
f 88/50/45 75/61/45 73/62/45 74/41/45
f 76/55/40 79/56/40 74/44/40 73/41/40
f 78/55/46 76/69/46 73/50/46 75/41/46
f 76/67/40 80/55/40 81/47/40 77/66/40
f 77/47/40 86/68/40 79/56/40 76/55/40
f 78/69/45 82/70/45 80/71/45 76/55/45
f 83/47/46 81/63/46 80/69/46 82/55/46
f 84/73/42 83/68/42 82/56/42 78/72/42
f 77/65/47 81/63/47 83/47/47 84/64/47
f 85/68/42 84/47/42 78/55/42 87/56/42
f 86/63/47 77/65/47 84/64/47 85/47/47
f 86/64/48 85/65/48 87/60/48 79/57/48
f 87/56/42 78/55/42 75/41/42 88/44/42
f 79/57/48 87/60/48 88/59/48 74/58/48
