# Blender 4.3.2
# www.blender.org
o Body_Idle
v -0.250000 -0.437500 -0.125000
v -0.250000 -0.000000 -0.125000
v -0.250000 -0.437500 0.125000
v -0.250000 -0.000000 0.125000
v 0.250000 -0.437500 -0.125000
v 0.250000 -0.000000 -0.125000
v 0.250000 -0.437500 0.125000
v 0.250000 -0.000000 0.125000
v -0.289008 -0.291006 -0.047896
v -0.252471 -0.047703 -0.092262
v -0.284067 -0.258101 0.136627
v -0.247529 -0.014798 0.092262
v -0.474429 -0.263161 -0.047896
v -0.437892 -0.019857 -0.092262
v -0.469488 -0.230256 0.136627
v -0.432950 0.013048 0.092262
v -0.301887 -0.520696 -0.107494
v -0.284409 -0.246540 -0.047205
v -0.304444 -0.560807 0.075647
v -0.286967 -0.286651 0.135936
v -0.489007 -0.508767 -0.107494
v -0.471530 -0.234611 -0.047205
v -0.491564 -0.548878 0.075647
v -0.474087 -0.274722 0.135936
v 0.302272 -0.288665 -0.047896
v 0.295650 -0.256057 0.136627
v 0.253311 -0.047554 -0.092262
v 0.486022 -0.251352 -0.047896
v 0.479400 -0.218744 0.136627
v 0.437061 -0.010241 -0.092262
v 0.430439 0.022367 0.092262
v 0.246689 -0.014946 0.092262
v 0.317411 -0.514908 -0.107494
v 0.320574 -0.554976 0.075647
v 0.295796 -0.241047 -0.047205
v 0.504330 -0.500154 -0.107494
v 0.507493 -0.540222 0.075647
v 0.482714 -0.226294 -0.047205
v 0.485877 -0.266362 0.135936
v 0.298958 -0.281115 0.135936
v -0.023402 -0.610920 -0.124545
v -0.018250 -0.425677 -0.096003
v -0.018315 -0.639601 0.060678
v -0.013163 -0.454357 0.089220
v -0.241989 -0.605886 -0.117763
v -0.236837 -0.420643 -0.089220
v -0.236902 -0.634567 0.067461
v -0.231750 -0.449323 0.096003
v -0.023377 -0.607435 -0.124546
v -0.017580 -0.605406 0.062853
v -0.242014 -0.609371 -0.117762
v -0.236216 -0.607342 0.069638
v -0.015285 -0.855382 0.065489
v -0.021082 -0.857411 -0.121911
v -0.016146 -0.761641 0.064500
v -0.233922 -0.857317 0.072273
v -0.234782 -0.763577 0.071285
v -0.239719 -0.859346 -0.115126
v -0.240579 -0.765606 -0.116115
v -0.021943 -0.763670 -0.122899
v -0.242512 -0.766282 -0.178581
v -0.241651 -0.860023 -0.177593
v -0.023015 -0.858087 -0.184377
v -0.023875 -0.764346 -0.185365
v 0.030339 -0.612691 -0.127497
v 0.012984 -0.637629 0.057525
v 0.024820 -0.426884 -0.102972
v 0.248055 -0.608986 -0.106576
v 0.230699 -0.633923 0.078446
v 0.242536 -0.423179 -0.082050
v 0.225180 -0.448116 0.102972
v 0.007465 -0.451821 0.082050
v 0.030325 -0.611424 -0.127499
v 0.012367 -0.605611 0.059049
v 0.248069 -0.610253 -0.106575
v 0.030693 -0.767596 -0.122597
v 0.030914 -0.861300 -0.119656
v 0.248437 -0.766426 -0.101673
v 0.012735 -0.761784 0.063950
v 0.036679 -0.769534 -0.184780
v 0.036900 -0.863237 -0.181839
v 0.254423 -0.768364 -0.163855
v 0.254644 -0.862067 -0.160915
v 0.248658 -0.860130 -0.098732
v 0.230700 -0.854317 0.087816
v 0.012956 -0.855487 0.066891
v 0.230479 -0.760613 0.084875
v 0.230111 -0.604441 0.079973
vn -0.0000 1.0000 -0.0000
vn -1.0000 -0.0000 -0.0000
vn -0.0000 -0.0000 -1.0000
vn -0.0000 -1.0000 -0.0000
vn 1.0000 -0.0000 -0.0000
vn -0.0000 -0.0000 1.0000
vn 0.9889 -0.1485 -0.0000
vn 0.0264 0.1755 0.9841
vn -0.9889 0.1485 -0.0000
vn -0.0264 -0.1755 -0.9841
vn -0.1462 -0.9732 0.1775
vn 0.1462 0.9732 -0.1775
vn 0.9980 -0.0636 -0.0000
vn -0.0136 -0.2139 0.9768
vn -0.9980 0.0636 -0.0000
vn 0.0136 0.2139 -0.9768
vn -0.0621 -0.9748 -0.2144
vn 0.0621 0.9748 0.2144
vn 0.1958 -0.9644 0.1775
vn -0.9800 -0.1990 -0.0000
vn 0.0353 -0.1739 -0.9841
vn 0.9800 0.1990 -0.0000
vn -0.1958 0.9644 -0.1775
vn -0.0353 0.1739 0.9841
vn 0.0769 -0.9737 -0.2144
vn -0.9969 -0.0787 -0.0000
vn -0.0169 0.2137 -0.9768
vn 0.9969 0.0787 -0.0000
vn -0.0769 0.9737 0.2144
vn 0.0169 -0.2137 0.9768
vn 0.9993 -0.0230 -0.0310
vn 0.0271 -0.1530 0.9879
vn -0.9993 0.0230 0.0310
vn -0.0271 0.1530 -0.9879
vn -0.0275 -0.9880 -0.1522
vn 0.0275 0.9880 0.1522
vn 0.9995 0.0088 -0.0310
vn 0.0309 0.0108 0.9995
vn -0.9995 -0.0088 0.0310
vn -0.0092 0.9999 -0.0105
vn 0.0092 -0.9999 0.0105
vn -0.0309 -0.0108 -0.9995
vn 0.0294 -0.9910 -0.1308
vn -0.9953 -0.0169 -0.0956
vn 0.0926 0.1330 -0.9868
vn 0.9953 0.0169 0.0956
vn -0.0294 0.9910 0.1308
vn -0.0926 -0.1330 0.9868
vn -0.0024 0.9995 -0.0314
vn -0.9954 -0.0053 -0.0957
vn 0.0958 -0.0310 -0.9949
vn 0.9954 0.0053 0.0957
vn 0.0024 -0.9995 0.0314
vn -0.0958 0.0310 0.9949
vt 0.500000 0.687500
vt 0.500000 0.562500
vt 0.750000 0.562500
vt 0.750000 0.687500
vt 0.625000 0.281250
vt 0.625000 0.500000
vt 0.500000 0.500000
vt 0.500000 0.281250
vt 0.250000 0.281250
vt 0.250000 0.500000
vt 0.625000 0.296875
vt 0.500000 0.296875
vt 0.000000 0.281250
vt 0.250000 0.281250
vt 0.250000 0.500000
vt 0.000000 0.500000
vt 1.000000 0.140625
vt 1.000000 0.265625
vt 0.906250 0.265625
vt 0.906250 0.140625
vt 0.812500 0.265625
vt 0.812500 0.140625
vt 0.718750 0.265625
vt 0.718750 0.140625
vt 0.625000 0.265625
vt 0.625000 0.140625
vt 0.625000 0.140625
vt 0.718750 0.140625
vt 0.718750 0.125000
vt 0.625000 0.125000
vt 0.718750 0.359375
vt 0.625000 0.359375
vt 1.000000 0.000000
vt 0.906250 0.000000
vt 0.812500 0.000000
vt 0.718750 0.000000
vt 0.625000 0.000000
vt 0.531250 0.000000
vt 0.625000 0.093750
vt 0.531250 0.093750
vt 0.859375 0.906250
vt 0.859375 1.000000
vt 0.953125 1.000000
vt 0.953125 0.906250
vt 0.968750 0.687500
vt 0.968750 0.781250
vt 0.859375 0.781250
vt 0.859375 0.687500
vt 0.750000 1.000000
vt 0.750000 0.906250
vt 0.859375 0.921875
vt 0.750000 0.921875
vt 0.750000 0.984375
vt 0.859375 0.984375
vt 0.859375 0.828125
vt 0.953125 0.828125
vt 0.859375 0.750000
vt 0.859375 0.671875
vt 0.750000 0.671875
vt 0.750000 0.750000
vt 0.750000 0.890625
vt 0.859375 0.890625
vt 0.750000 0.781250
vt 0.859375 0.796875
vt 0.750000 0.796875
vt 0.875000 0.781250
vt 0.875000 0.828125
vt 0.953125 0.781250
vt 0.750000 0.828125
vt 0.750000 0.812500
vt 0.859375 0.812500
vt 0.937500 0.828125
vt 0.937500 0.781250
s 0
f 8/1/1 6/2/1 2/3/1 4/4/1
f 3/5/2 4/6/2 2/7/2 1/8/2
f 5/9/3 1/8/3 2/7/3 6/10/3
f 1/11/4 5/12/4 7/8/4 3/5/4
f 7/8/5 5/5/5 6/6/5 8/7/5
f 3/13/6 7/14/6 8/15/6 4/16/6
f 9/17/7 10/18/7 12/19/7 11/20/7
f 11/20/8 12/19/8 16/21/8 15/22/8
f 15/22/9 16/21/9 14/23/9 13/24/9
f 13/24/10 14/23/10 10/25/10 9/26/10
f 11/27/11 15/28/11 13/29/11 9/30/11
f 16/31/12 12/32/12 10/25/12 14/23/12
f 17/33/13 18/17/13 20/20/13 19/34/13
f 19/34/14 20/20/14 24/22/14 23/35/14
f 23/35/15 24/22/15 22/24/15 21/36/15
f 21/36/16 22/24/16 18/26/16 17/37/16
f 19/38/17 23/37/17 21/39/17 17/40/17
f 24/28/18 20/27/18 18/30/18 22/29/18
f 26/28/19 25/29/19 28/30/19 29/27/19
f 25/17/20 26/20/20 32/19/20 27/18/20
f 28/24/21 25/26/21 27/25/21 30/23/21
f 29/22/22 28/24/22 30/23/22 31/21/22
f 31/31/23 30/23/23 27/25/23 32/32/23
f 26/20/24 29/22/24 31/21/24 32/19/24
f 34/38/25 33/40/25 36/39/25 37/37/25
f 33/33/26 34/34/26 40/20/26 35/17/26
f 36/36/27 33/37/27 35/26/27 38/24/27
f 37/35/28 36/36/28 38/24/28 39/22/28
f 39/27/29 38/30/29 35/29/29 40/28/29
f 34/34/30 37/35/30 39/22/30 40/20/30
f 41/41/31 42/42/31 44/43/31 43/44/31
f 43/45/32 44/46/32 48/47/32 47/48/32
f 47/44/33 48/43/33 46/42/33 45/41/33
f 45/41/34 46/42/34 42/49/34 41/50/34
f 43/50/35 47/41/35 45/51/35 41/52/35
f 48/42/36 44/49/36 42/53/36 46/54/36
f 60/55/37 49/41/37 50/44/37 55/56/37
f 55/57/38 50/58/38 52/59/38 57/60/38
f 57/56/39 52/44/39 51/41/39 59/55/39
f 52/41/40 50/50/40 49/61/40 51/62/40
f 53/63/41 56/47/41 58/64/41 54/65/41
f 58/66/39 59/67/39 61/55/39 62/47/39
f 56/68/39 57/56/39 59/55/39 58/47/39
f 53/64/38 55/57/38 57/60/38 56/65/38
f 54/47/37 60/55/37 55/56/37 53/68/37
f 62/47/42 61/55/42 64/69/42 63/63/42
f 59/55/40 60/69/40 64/70/40 61/71/40
f 60/72/37 54/73/37 63/68/37 64/56/37
f 54/65/41 58/64/41 62/47/41 63/63/41
f 59/55/42 51/41/42 49/50/42 60/69/42
f 66/41/43 65/51/43 68/52/43 69/50/43
f 65/41/44 66/44/44 72/43/44 67/42/44
f 68/41/45 65/50/45 67/49/45 70/42/45
f 69/44/46 68/41/46 70/42/46 71/43/46
f 71/49/47 70/53/47 67/54/47 72/42/47
f 66/45/48 69/48/48 71/47/48 72/46/48
f 88/50/49 75/61/49 73/62/49 74/41/49
f 76/55/50 79/56/50 74/44/50 73/41/50
f 78/55/51 76/69/51 73/50/51 75/41/51
f 76/67/50 80/55/50 81/47/50 77/66/50
f 77/47/50 86/68/50 79/56/50 76/55/50
f 78/69/49 82/70/49 80/71/49 76/55/49
f 83/47/51 81/63/51 80/69/51 82/55/51
f 84/73/52 83/68/52 82/56/52 78/72/52
f 77/65/53 81/63/53 83/47/53 84/64/53
f 85/68/52 84/47/52 78/55/52 87/56/52
f 86/63/53 77/65/53 84/64/53 85/47/53
f 86/64/54 85/65/54 87/60/54 79/57/54
f 87/56/52 78/55/52 75/41/52 88/44/52
f 79/57/54 87/60/54 88/59/54 74/58/54
